5577 55
10 5b00 0000 00
10 4d00 0000 00
10 6100 0000 00
10 6900 0000 00
10 6e00 0000 00
10 2000 0000 00
10 5600 0000 00
10 6500 0000 00
10 7300 0000 00
10 7300 0000 00
10 6500 0000 00
10 6c00 0000 00
10 2000 0000 00
10 5400 0000 00
10 6500 0000 00
10 7200 0000 00
10 6d00 0000 00
10 6900 0000 00
10 6e00 0000 00
10 6100 0000 00
10 6c00 0000 00
10 5d00 0000 00
10 0a00 0000 00
10 3c00 0000 00
10 2000 0000 00
10 4500 0000 00
10 6e00 0000 00
10 7400 0000 00
10 6500 0000 00
10 7200 0000 00
10 2000 0000 00
10 6b00 0000 00
10 6500 0000 00
10 7900 0000 00
10 6300 0000 00
10 6f00 0000 00
10 6400 0000 00
10 6500 0000 00
10 2000 0000 00
10 0a00 0000 00
10 3e00 0000 00   0x20 + 0x10*8 == 0xa0 -> 1019ae
10 2000 0000 00   vm_putc

0c 1ea0 0f00 00   0x20 + 0x0c*8 == 0x60 -> 10217c
0c 1c00 0000 00   vm_jmp 0fa01e; vm_jmp 1c; vm_jmp 111d;
0c 1d11 0000 00

18 1900 0000 00   0x20 + 0x18*8 == 0xe0 -> 101433
                  vm_input 
16 1e19 0000 00   0x20 + 0x16*8 == 0xd0 -> 101493
		  vm_store
01 1e1e 0100 00   0x20 + 0x01*8 == 0x28 -> 101b24
01 1c1c 0100 00   vm_addi

13 1c1d 2d00 00   0x20 + 0x13*8 == 0xb8 -> 101820
		  vm_jle
0c 1e04 1000 00
0c 1fa0 0f00 00
0c 1c00 0000 00

0c 1d0a 0000 00
0c 1ba9 0000 00
0c 1700 0000 00  vm_jmp

17 191e 0000 00  0x20 + 0x17*8 == 0xd8 -> 101531
17 181f 0000 00  vm_load

15 1919 1b00 00  0x20 + 0x15*8 == 0xc8 -> 1015d2
		 vm_xor
11 1918 4e00 00  0x20 + 0x11*8 == 0xa8 -> 101692
		 vm_je
10 5500 0000 00
10 6e00 0000 00
10 6b00 0000 00
10 6e00 0000 00
10 6f00 0000 00
10 7700 0000 00
10 6e00 0000 00
10 2000 0000 00
10 6b00 0000 00
10 6500 0000 00
10 7900 0000 00
10 6300 0000 00
10 6f00 0000 00
10 6400 0000 00
10 6500 0000 00
10 2100 0000 00
10 0a00 0000 00 vm_putc Unknown keycode!

0e 0000 0000 00 0x20 + 0x0e*8 == 0x90 -> 1021e2
                vm_exit
01 1e1e 0100 00 vm_addi
01 1f1f 0100 00 vm_addi
01 1c1c 0100 00 vm_addi

13 1c1d 3800 00 vm_jle

0c 0f00 0000 00 vm_jmp

0a 0f00 0000 00 0x20 + 0x0a*8 == 0x70 -> 10220c
0a 0f00 0000 00 vm_push
0a 0f00 0000 00

09 6503 0000 00 0x20 + 0x09*8 == 0x68 -> 102025
		vm_inv
0c 1000 0000 00 vm_jmp

11 1f10 6c00 00 vm_je

10 5400 0000 00
10 6500 0000 00
10 7200 0000 00
10 6d00 0000 00
10 6900 0000 00
10 6e00 0000 00
10 6100 0000 00
10 6c00 0000 00
10 2000 0000 00
10 6200 0000 00
10 6c00 0000 00
10 6f00 0000 00
10 6300 0000 00
10 6b00 0000 00
10 6500 0000 00
10 6400 0000 00
10 2100 0000 00
10 0a00 0000 00 vm_putc Terminal blocked!

0e 0000 0000 00 vm_exit

0c 1e77 0000 00 vm_jmp

05 1e1e 0600 00 0x20 + 0x05*8 == 0x48 -> 101e0f
		vm_muli
0c 1c00 0000 00
0c 1ddc 0500 00
0c 1b45 0000 00 vm_jmp

17 191e 0000 00 vm_load

15 1919 1b00 00 vm_xor

16 1e19 0000 00 vm_store

01 1e1e 0100 00 vm_addi
01 1c1c 0100 00 vm_addi

13 1c1d 7100 00 vm_jle

10 3c00 0000 00
10 2000 0000 00
10 4500 0000 00
10 6e00 0000 00
10 7400 0000 00
10 6500 0000 00
10 7200 0000 00
10 2000 0000 00
10 7300 0000 00
10 6500 0000 00
10 6300 0000 00
10 7200 0000 00
10 6500 0000 00
10 7400 0000 00
10 2000 0000 00
10 7000 0000 00
10 6800 0000 00
10 7200 0000 00
10 6100 0000 00
10 7300 0000 00
10 6500 0000 00
10 0a00 0000 00
10 3e00 0000 00
10 2000 0000 00 vm_putc < Enter secret phrase >

0c 1e30 1100 00 
0c 1c00 0000 00
0c 1d24 0000 00 vm_jmp

18 1900 0000 00 vm_input

16 1e19 0000 00 vm_store

01 1e1e 0100 00 vm_addi
01 1c1c 0100 00 vm_addi

13 1c1d 9200 00 vm_jle

0c 1c00 0000 00
0c 1d23 0000 00
0c 1e30 1100 00

0c 1f94 1100 00
0c 1a00 0000 00
0c 1b23 0000 00 vm_jmp

17 141e 0000 00 vm_load
17 151f 0000 00 vm_load

0a 1400 0000 00 vm_push

0b 1300 0000 00 0x20 + 0x0b*8 == 0x78 -> 102295
                vm_pop
0c 1230 1100 00 vm_jmp

00 1212 1500 00 0x20 + 0x00*8 == 0x20 -> 101a64
		vm_add
17 1112 0000 00 vm_load

16 1e11 0000 00 vm_store
16 1213 0000 00 vm_store

01 1a1a 0100 00 vm_addi
01 1e1e 0100 00 vm_addi
01 1f1f 0100 00 vm_addi

13 1a1b 9d00 00 vm_jle

0c 1e30 1100 00
0c 1ff8 1100 00
0c 1a00 0000 00
0c 1b23 0000 00 vm_jmp

17 141e 0000 00 vm_load

0a 1f00 0000 00 vm_push

0b 0f00 0000 00 vm_pop

00 0f0f 1c00 00 vm_add

17 100f 0000 00 vm_load

15 1414 1000 00 vm_xor

16 1e14 0000 00 vm_store

01 1a1a 0100 00 vm_addi
01 1e1e 0100 00 vm_addi

13 1a1b ae00 00 vm_jle

01 1c1c 0100 00 vm_addi

13 1c1d 9900 00 vm_jle

0c 1e30 1100 00
0c 1f5c 1200 00
0c 1a00 0000 00
0c 1b23 0000 00 vm_jmp

17 0f1e 0000 00 vm_load
17 101f 0000 00 vm_load

11 0f10 c900 00 vm_je

10 5700 0000 00
10 7200 0000 00
10 6f00 0000 00
10 6e00 0000 00
10 6700 0000 00
10 2100 0000 00
10 0a00 0000 00 vm_putc Wrong!

0e 0000 0000 00 vm_exit

01 1a1a 0100 00 vm_addi
01 1e1e 0100 00 vm_addi
01 1f1f 0100 00 vm_addi

13 1a1b be00 00 vm_jle

10 4100 0000 00
10 6300 0000 00
10 6300 0000 00
10 6500 0000 00
10 7300 0000 00
10 7300 0000 00
10 2000 0000 00
10 6700 0000 00
10 7200 0000 00
10 6100 0000 00
10 6e00 0000 00
10 7400 0000 00
10 6500 0000 00
10 6400 0000 00
10 2c00 0000 00
10 2000 0000 00
10 7300 0000 00
10 6800 0000 00
10 7500 0000 00
10 7400 0000 00
10 7400 0000 00
10 6900 0000 00
10 6e00 0000 00
10 6700 0000 00
10 2000 0000 00
10 6400 0000 00
10 6f00 0000 00
10 7700 0000 00
10 6e00 0000 00
10 2100 0000 00
10 0a00 0000 00 vm_putc Access granted, shutting down!

0e 0000 0000 00 vm_exit

55 7945 4545 45
55 6545 4545 45
55 0045 4545 45
55 2b45 4545 45
55 3145 4545 45
55 2045 4545 45
55 3745 4545 45
55 6545 4545 45
55 3645 4545 45
55 2045 4545 45
55 2645 4545 45
55 3745 4545 45
55 2045 4545 45
55 3145 4545 45
55 6545 4545 45
55 3545 4545 45
55 2d45 4545 45
55 3745 4545 45
55 2445 4545 45
55 3645 4545 45
55 2045 4545 45
55 4f45 4545 45
55 7b45 4545 45
55 6545 4545 45
49 5b75 5445 45
49 5945 4545 45
49 5861 4545 45
5d 5c45 4545 45
53 5b5c 4545 45
44 5b5b 4445 45
44 5959 4445 45
56 5958 d745 45
49 5945 4545 45
49 5866 4545 45
49 5b75 5445 45
49 5ad1 5445 45
49 5f45 4545 45
49 5e66 4545 45
52 515b 4545 45
52 505a 4545 45
4f 5145 4545 45
4e 5645 4545 45
49 5775 5445 45
45 5757 5045 45
52 5457 4545 45
53 5b54 4545 45
53 5756 4545 45
44 5f5f 4445 45
44 5b5b 4445 45
44 5a5a 4445 45
56 5f5e d845 45
49 5b75 5445 45
49 5abd 5445 45
49 5f45 4545 45
49 5e66 4545 45
52 515b 4545 45
4f 5a45 4545 45
4e 4a45 4545 45
45 4a4a 5945 45
52 554a 4545 45
50 5151 5545 45
53 5b51 4545 45
44 5f5f 4445 45
44 5b5b 4445 45
56 5f5e eb45 45
44 5959 4445 45
56 5958 dc45 45
49 5b75 5445 45
49 5a19 5745 45
49 5f45 4545 45
49 5e66 4545 45
52 4a5b 4545 45
52 555a 4545 45
54 4a55 8c45 45
55 1245 4545 45
55 3745 4545 45
55 2a45 4545 45
55 2b45 4545 45
55 2245 4545 45
55 6445 4545 45
55 4f45 4545 45
4b 4545 4545 45
44 5f5f 4445 45
44 5b5b 4445 45
44 5a5a 4445 45
56 5f5e fb45 45
55 0445 4545 45
55 2645 4545 45
55 2645 4545 45
55 2045 4545 45
55 3645 4545 45
55 3645 4545 45
55 6545 4545 45
55 2245 4545 45
55 3745 4545 45
55 2445 4545 45
55 2b45 4545 45
55 3145 4545 45
55 2045 4545 45
55 2145 4545 45
55 6945 4545 45
55 6545 4545 45
55 3645 4545 45
55 2d45 4545 45
55 3045 4545 45
55 3145 4545 45
55 3145 4545 45
55 2c45 4545 45
55 2b45 4545 45
55 2245 4545 45
55 6545 4545 45
55 2145 4545 45
55 2a45 4545 45
55 3245 4545 45
55 2b45 4545 45
55 6445 4545 45
55 4f45 4545 45
4b 4545 4545 45
