0x55555556f320:	1683163663	92531733	1978464639	1715675847
0x55555556f330:	1823558668	1788380850	233216081	460306809
0x55555556f340:	1598759127	1724557300	1043688389	2058330376
0x55555556f350:	34181321	695822733	1411719789	1169441928
0x55555556f360:	1373023918	1593032591	176748312	2007364677
0x55555556f370:	886342885	336117015	460361307	2084796440
0x55555556f380:	1972222115	1030993108	1277598513	1664620432
0x55555556f390:	491557374	415371315	1477894309	23692254
0x55555556f3a0:	1182472552	1159587338	275030624	253746011
0x55555556f3b0:	1469775926	1132954339	1014792320	932394786
0x55555556f3c0:	660938375	1134943728	410769155	515672385
0x55555556f3d0:	533482471	1253436488	1422842312	1195479172
0x55555556f3e0:	1936626795	797908491	716009020	866259017
0x55555556f3f0:	1529416024	245760987	426186091	1678648050
0x55555556f400:	1161212273	1401263758	1105605854	1579481202
0x55555556f410:	1019872547	1349889338	1554348966	1190596696
0x55555556f420:	331745219	2030084564	235457591	1285184731
0x55555556f430:	642045557	1840517444	65883428	1977411246
0x55555556f440:	261879770	1103983841	591496172	1312480494
0x55555556f450:	1828297430	754100627	1338963629	292846801
0x55555556f460:	1265836026	815368846	1734449757	1823475866
0x55555556f470:	2086992026	584405707	498544403	530108801
0x55555556f480:	1611672540	149885271	236227381	1935868304
0x55555556f490:	692735459	561612380	1899905720	2055568914
0x55555556f4a0:	2030304755	126879129	2101248617	1568722251
0x55555556f4b0:	1365301802	353586868	1935638858	351428190
0x55555556f4c0:	814080507	1818732982	776070665	997118793
0x55555556f4d0:	364773867	777581616	917645665	1672523685
0x55555556f4e0:	1886325575	1510081351	1096953991	557809101
0x55555556f4f0:	847742012	1049954314	1727918826	99587155
0x55555556f500:	1100405650	1816841218	1800237805	1348627124
0x55555556f510:	755269440	1925126552	1866157126	771337069
0x55555556f520:	136372708	804589750	1104225519	1523254287
0x55555556f530:	1311091757	1362008443	292292844	297994995
0x55555556f540:	667605395	837760358	260857334	1144223468
0x55555556f550:	1674376192	1113074448	1319791417	397515120
0x55555556f560:	683558139	2090672321	2141976942	471112081
0x55555556f570:	1342869174	1988118214	1701325808	624201601
0x55555556f580:	1637259637	462850865	1997718299	1248630281
0x55555556f590:	1350561545	1791694759	1284113869	487853050
0x55555556f5a0:	1990739604	1535073022	582598842	1325131520
0x55555556f5b0:	472265257	1171515270	524404793	1150057609
0x55555556f5c0:	1972921491	430737098	169684370	326719338
0x55555556f5d0:	2092062476	525127631	1680791143	1531335920
0x55555556f5e0:	577912412	593844881	870475937	1073801089
0x55555556f5f0:	1782718853	1798934876	732498110	92613692
0x55555556f600:	1637761061	1046023734	970411478	1815429397
0x55555556f610:	222895144	474756044	1146851579	1834387100
0x55555556f620:	500936274	24672739	1267258207	743384568
0x55555556f630:	1609472824	1343603949	950185659	452496150
0x55555556f640:	382876430	581424697	484387346	56154837
0x55555556f650:	520030161	434869665	2083413339	1781946650
0x55555556f660:	1032062999	1383809685	392865330	1718555636
0x55555556f670:	1248381805	96884176	1618271182	847332660
0x55555556f680:	615497654	247331477	1072077907	208006600
0x55555556f690:	1196870344	372682484	280074906	1081547425
0x55555556f6a0:	2045831867	163054609	277265293	750719104
0x55555556f6b0:	1317451705	1274151886	648150077	157659206
0x55555556f6c0:	1827903129	1047522360	297108520	827112555
0x55555556f6d0:	1675772014	1922039354	1020007973	1443090387
0x55555556f6e0:	1486599702	1482647926	1854009616	660565898
0x55555556f6f0:	335651461	1610986288	1384470483	80163112
0x55555556f700:	1930704098	517712920	249733995	1081307226
0x55555556f710:	1186383734	977499591	370327616	425888658
0x55555556f720:	205871895	1232850600	2007771111	1177241584
0x55555556f730:	2060435685	727724096	1577169238	1088401086
0x55555556f740:	16040490	1190587467	2032094535	622244947
0x55555556f750:	1676025961	1295364833	269097808	1633593585
0x55555556f760:	1738645912	363148293	1765525126	769323107
0x55555556f770:	1706060618	1544610688	1412422263	719936280
0x55555556f780:	1459838026	307071375	707845829	1957471087
0x55555556f790:	1950718690	275021484	1960756756	1639215753
0x55555556f7a0:	397390641	1115931636	1800449553	834523980
0x55555556f7b0:	803381879	783266869	475386108	1497444540
0x55555556f7c0:	988440680	224340587	1526279277	1301592556
0x55555556f7d0:	241879786	2053797167	255609232	1214810593
0x55555556f7e0:	928504778	1867819412	1552670525	1775818651
0x55555556f7f0:	1580745844	1935864476	504961273	1042160885
0x55555556f800:	1338049546	1265578816	1283666236	356203736
0x55555556f810:	1551587284	1026203362	1998844661	1935345062
0x55555556f820:	1203724815	530053438	1085715100	1358567795
0x55555556f830:	1712208149	1938081226	137400714	1037660491
0x55555556f840:	995716943	1418686877	322910775	784834825
0x55555556f850:	998138673	203374020	915659107	268711219
0x55555556f860:	153149185	1021396698	1904938554	181059872
0x55555556f870:	1826887630	1418611461	977134433	2068145779
0x55555556f880:	1389945184	209063011	651712645	329569936
0x55555556f890:	106793192	1050039361	1536179608	310699848
0x55555556f8a0:	1909711533	796778974	2028923822	37296941
0x55555556f8b0:	765915704	432688615	2028695794	1914721334
0x55555556f8c0:	2109079886	1632372723	788378205	242908272
0x55555556f8d0:	161057954	532723534	1125962253	656431014
0x55555556f8e0:	457658782	477624288	15061837	1196937445
0x55555556f8f0:	1463169206	47408116	1363752801	741997773
0x55555556f900:	1237939754	707200837	886674842	1327483021
0x55555556f910:	163198967	802202237	1821619646	530826111
0x55555556f920:	1875708769	128602020	1514816474	2032954521
0x55555556f930:	1332584683	1613548091	491549502	34078697
0x55555556f940:	36254588	1990294603	1531486704	1412797473
0x55555556f950:	1650477441	696052235	1752689094	1786216946
0x55555556f960:	1004367038	206904625	1691636540	1065463749
0x55555556f970:	911145705	1446628966	495999900	112710140
0x55555556f980:	1051662946	451404427	1371503218	1203311579
0x55555556f990:	2057140548	582245539	1450084043	1922242796
0x55555556f9a0:	104000506	1533784073	641539725	1046448564
0x55555556f9b0:	4909210	745895870	423888175	276741891
0x55555556f9c0:	1255722779	117610795	1388268895	896474722
0x55555556f9d0:	1930122745	371640809	1538243576	1155382523
0x55555556f9e0:	1315738376	173460836	86137377	404688543
0x55555556f9f0:	1205206529	1189226633	767689421	154173764
0x55555556fa00:	1087594600	1888392306	342873700	194064577
0x55555556fa10:	362845980	56172854	1390645874	1820539369
0x55555556fa20:	2073941843	1998828163	1137377182	1909351884
0x55555556fa30:	616127844	600338018	766486606	76645813
0x55555556fa40:	1797744669	1261253845	819001428	986405014
0x55555556fa50:	743989405	739726647	1130420524	1113362349
0x55555556fa60:	183082084	657511103	1052469003	705779718
0x55555556fa70:	1008136919	1792321494	1472902425	1727608211
0x55555556fa80:	138034707	1574241592	1502742303	1166976788
0x55555556fa90:	489320595	1964464487	227534499	1081169000
0x55555556faa0:	957927250	484922150	99751004	418033175
0x55555556fab0:	1120388359	35849521	1763017033	2110919734
0x55555556fac0:	249362367	319135302	1076535726	644036530
0x55555556fad0:	1310879820	1871815457	1172133980	322343108
0x55555556fae0:	1299447850	1941185524	1808839205	2083428075
0x55555556faf0:	344481129	478644576	2018330123	1918168223
0x55555556fb00:	989313696	1563747982	1770627909	126590074
0x55555556fb10:	1033707592	1312677273	586943382	589872448
0x55555556fb20:	243593312	1016272499	1518195953	1954979941
0x55555556fb30:	1957860082	1398612663	1984969455	33607613
0x55555556fb40:	918251424	848490130	654653610	558536299
0x55555556fb50:	1591785129	89521252	537561634	588673415
0x55555556fb60:	347612544	1312046835	219214277	1035271411
0x55555556fb70:	1636504980	541155966	143242948	1726621655
0x55555556fb80:	1907776010	1857442420	1008048473	1819070424
0x55555556fb90:	2032927160	9476572	25632079	330677742
0x55555556fba0:	2041751198	753962991	1138504338	484931089
0x55555556fbb0:	532500502	1096437396	1391200394	669569722
0x55555556fbc0:	1167880996	1184934288	1877721134	630950178
0x55555556fbd0:	977264601	1909179190	872267368	1647848704
0x55555556fbe0:	504713467	1965267615	337193243	873962248
0x55555556fbf0:	1858084550	1939486363	1392872383	1919324961
0x55555556fc00:	992459495	942500209	982424027	1850618340
0x55555556fc10:	170487437	436522957	285189453	1004502255
0x55555556fc20:	289582706	470529812	1153787565	1636138804
0x55555556fc30:	46308811	1986968080	2017492685	149483422
0x55555556fc40:	165203044	904769976	771369241	1690650598
0x55555556fc50:	718325232	1002302965	1505023328	1752716875
0x55555556fc60:	977529426	1809624039	1311803168	1345397116
0x55555556fc70:	1605328559	1009546859	1134134214	2133770470
0x55555556fc80:	1621314780	1734225933	1755768658	114499060
0x55555556fc90:	1505177796	620748286	297759722	49174339
0x55555556fca0:	722384839	1542677186	422337139	568852160
0x55555556fcb0:	1331684750	1120962275	1966600465	251410277
0x55555556fcc0:	391482000	1515102181	790193858	1987093202
0x55555556fcd0:	1613792100	1533365449	1909556393	1897709246
0x55555556fce0:	1257284886	359522611	698094153	1533527250
0x55555556fcf0:	1127504321	2077413685	2084630229	393191327
0x55555556fd00:	274501454	481867246	815120411	477103731
0x55555556fd10:	656913872	140963637	1222169899	1837562678
0x55555556fd20:	1320336550	940378295	1635162759	177728982
0x55555556fd30:	2103252607	1667283453	191156127	1701818201
0x55555556fd40:	770232285	494290600	1353503987	2090412683
0x55555556fd50:	346505884	1577139578	1804504749	1160188704
0x55555556fd60:	1386426163	2141188637	1072292010	1953472398
0x55555556fd70:	53874377	2110060533	1726957343	933929634
0x55555556fd80:	1737507463	1244665160	1076153839	1534329217
0x55555556fd90:	1184354629	1815447436	1095538272	939934560
0x55555556fda0:	1688874162	865156733	2011004228	479284477
0x55555556fdb0:	693771129	1163521852	1217898537	1811967510
0x55555556fdc0:	616424114	2018278185	1560580084	1324362456
0x55555556fdd0:	2004399683	1644280528	64078068	732203714
0x55555556fde0:	914596061	493928715	1065836023	1699190907
0x55555556fdf0:	648934705	1527387567	1112719750	1375812936
0x55555556fe00:	931940189	192598819	478181011	1116468723
0x55555556fe10:	1956275851	89235982	1799872074	875067505
0x55555556fe20:	1523771162	490492236	538592214	944111178
0x55555556fe30:	1435807690	2128437328	1882289490	2106730620
0x55555556fe40:	2049372962	1442353767	286637018	13241582
0x55555556fe50:	1379299793	1742338225	354853201	784566493
0x55555556fe60:	932558743	2134641769	730067600	881403981
0x55555556fe70:	300435875	377551130	1220023513	1305393276
0x55555556fe80:	1168876782	2008990229	2045545088	1353682585
0x55555556fe90:	2124478447	1908368706	404099797	704004699
0x55555556fea0:	1224188998	517242798	1176526360	1893955081
0x55555556feb0:	428129831	1015013578	876190282	2035793209
0x55555556fec0:	918250265	790757980	1301455947	90994824
0x55555556fed0:	803470967	787411410	818952660	779615455
0x55555556fee0:	308888567	376229551	1849386202	822385882
0x55555556fef0:	1150412919	1944076507	1771642673	1866491778
0x55555556ff00:	1890138534	882169510	747946767	639599683
0x55555556ff10:	1888637462	1438898011	977418754	761812249
0x55555556ff20:	2070791499	249290580	1152251334	492086875
0x55555556ff30:	204241421	1985279887	2131493130	1212150054
0x55555556ff40:	1350597252	1369078780	134147654	772707723
0x55555556ff50:	1874268101	1451532667	979060058	532978465
0x55555556ff60:	544710772	2086364885	375005450	743010083
0x55555556ff70:	713011024	30577851	696291192	399680881
0x55555556ff80:	2144992589	8058634	298134052	938395540
0x55555556ff90:	414345661	1360867003	1029865623	538992355
0x55555556ffa0:	931240527	778132226	1725902791	1568436982
0x55555556ffb0:	481528481	1640581723	1907543446	1369680932
0x55555556ffc0:	1285318546	655985682	434281282	1601375044
0x55555556ffd0:	1296965324	216794457	193560403	1797114686
0x55555556ffe0:	917225727	729531989	799046144	1946351869
0x55555556fff0:	2084024062	1197723412	747876607	1548404657
0x555555570000:	2014748538	829205050	1751639092	494370016
0x555555570010:	894391662	165346487	1387566265	1341201507
0x555555570020:	945204208	511043413	428363813	1575471097
0x555555570030:	725339236	271908403	2015637498	790761621
0x555555570040:	1474941921	1393706138	1364530098	1755775797
0x555555570050:	459878096	232092849	2076508268	1325733249
0x555555570060:	1601907246	1216987745	795399929	2032987398
0x555555570070:	769886234	970028513	507409039	1085997032
0x555555570080:	2084205310	1356569696	1899314687	1441557765
0x555555570090:	517288765	1248591548	1629909220	2133543467
0x5555555700a0:	1397547365	2102687493	157600439	1140237885
0x5555555700b0:	412150699	632286301	1048845058	1868617225
0x5555555700c0:	1408665243	1900354622	101618054	346883771
0x5555555700d0:	494100816	783050878	785013328	1025301613
0x5555555700e0:	1422412123	1904227928	241066840	1467703544
0x5555555700f0:	2029892680	1710057117	1184830602	1170026816
0x555555570100:	1687658343	161312507	2085439793	818397691
0x555555570110:	1907945966	1472177963	1116310324	753227904
0x555555570120:	15099453	865505368	1658164311	235779528
0x555555570130:	1792103039	1664169154	182656920	1610124987
0x555555570140:	610895748	1447219294	1076848965	729597224
0x555555570150:	1799893690	1917141881	837676091	490585821
0x555555570160:	762466349	1433080558	1484757814	621101647
0x555555570170:	175220741	1287035560	1935134546	1780049285
0x555555570180:	1785091950	388272726	1218045812	330903076
0x555555570190:	33995144	296393860	686070749	972667083
0x5555555701a0:	1172672510	548258854	1557284155	1142342736
0x5555555701b0:	1083681885	1997252924	259977647	1628449548
0x5555555701c0:	393434358	1268818780	914386331	1106842570
0x5555555701d0:	1149629329	626529059	167710220	1671702361
0x5555555701e0:	894079812	142538102	2062883502	777014974
0x5555555701f0:	1482943286	1078126062	99272509	942341925
0x555555570200:	1931831649	1257525843	1253291490	867349817
0x555555570210:	499227973	1314075434	1506448890	1845529770
0x555555570220:	1498475602	1367965653	91030040	356140173
0x555555570230:	632559121	1334588970	1726204456	1098688121
0x555555570240:	512494843	1771009499	1366644849	759685387
0x555555570250:	337877467	1690029028	779146037	1271787569
0x555555570260:	339057912	686865888	699343742	1722557839
0x555555570270:	1165870440	770149694	802218119	440389851
0x555555570280:	112276650	1599234824	1067937721	73453566
0x555555570290:	176321736	744674178	1581666728	1291423454
0x5555555702a0:	1143588116	1069829503	1195128837	58667375
0x5555555702b0:	1543909075	1905613172	535124996	1079583393
0x5555555702c0:	1726330844	757546770	182801119	2125890388
0x5555555702d0:	1346433808	108701111	806221192	399922463
0x5555555702e0:	921398859	306696484	1935359710	1909736470
0x5555555702f0:	2000223243	1908642336	728364002	252127539
0x555555570300:	655180348	215578289	1618953378	1566036842
0x555555570310:	587859924	1881295119	1349819596	335654414
0x555555570320:	1753578804	1783590573	929699258	1543539560
0x555555570330:	1250313300	987579250	1593663706	578170625
0x555555570340:	171791147	1091413532	1551409761	1047359635
0x555555570350:	1032096387	847901584	163830028	1199038827
0x555555570360:	1965848495	459950525	1581167373	810536894
0x555555570370:	418032220	1074627456	871732182	1586343903
0x555555570380:	1579437510	1061099440	693004286	653306826
0x555555570390:	2121608403	806124858	46875165	1405596253
0x5555555703a0:	1933703010	1398768866	933613523	1510319659
0x5555555703b0:	1861163453	239385192	1895658629	1054703040
0x5555555703c0:	1171762835	1734493491	1786689930	216257329
0x5555555703d0:	34693044	1775655907	167236291	269415543
0x5555555703e0:	1938497698	912216274	1581513067	317904144
0x5555555703f0:	1776608721	1062398880	1144191266	122222152
0x555555570400:	644059278	261030498	911591923	1509057654
0x555555570410:	1071448576	2039700715	557608125	1884571858
0x555555570420:	607546247	824006025	2045524501	357755340
0x555555570430:	1288053499	1678689135	997087441	1000264969
0x555555570440:	1912731760	557606414	1801304374	1292647685
0x555555570450:	108369631	1982274778	951350091	826652840
0x555555570460:	962939939	1932381770	2045798757	712333740
0x555555570470:	1695981701	356850291	549140709	1176792437
0x555555570480:	1853628439	1586675644	411155636	1991917181
0x555555570490:	396413193	1176924429	1782852924	1829818115
0x5555555704a0:	1143869887	1788660813	861877182	469331856
0x5555555704b0:	1307912135	350682632	1332906685	2124907293
0x5555555704c0:	1133536924	1220430823	1641135715	735286309
0x5555555704d0:	1538843501	49446335	965602000	1585833450
0x5555555704e0:	559798309	234257755	1349718321	1890135647
0x5555555704f0:	742473226	567756087	2111829081	1194923222
0x555555570500:	872388571	1058594403	31592275	274903686
0x555555570510:	570462227	1742734733	167289792	701485835
0x555555570520:	2043831255	229049242	1184305147	1573661399
0x555555570530:	1415222924	618015176	1509813964	1072645839
0x555555570540:	1850724493	998183421	218769039	1020775842
0x555555570550:	1999983451	1069033615	1431862706	680027207
0x555555570560:	1301516954	885966515	1497113374	37429201
0x555555570570:	708607817	83240043	135846925	1195094651
0x555555570580:	555137968	760382350	1769978815	1006476534
0x555555570590:	1103475303	1813806986	1362892339	9067220
0x5555555705a0:	1740252011	581114315	533116617	770319200
0x5555555705b0:	395135123	1762695038	1598981257	1711072696
0x5555555705c0:	815913693	117327120	577336510	710222206
0x5555555705d0:	701758834	190345915	1247456176	512037883
0x5555555705e0:	1185516231	2054735003	428637664	1906107123
0x5555555705f0:	755106755	515816645	1054026763	739595265
0x555555570600:	1230882703	1503633498	1236756924	1592920643
0x555555570610:	1215695210	681530664	860590565	641130370
0x555555570620:	612329791	1950046077	20732573	49631646
0x555555570630:	1322552439	532173620	347922779	1255111485
0x555555570640:	674319607	666367759	1223685641	1986652792
0x555555570650:	1830611205	770480844	1753857086	182514267
0x555555570660:	1163580130	1886545053	1367616670	425285679
0x555555570670:	1163374782	563402229	253387397	1337781933
0x555555570680:	1234898854	2094936966	1841211965	1380348268
0x555555570690:	812653701	1667898355	1953775745	1812800956
0x5555555706a0:	46327318	730132667	1875155672	1345461579
0x5555555706b0:	422199522	369310050	698311779	1301809399
0x5555555706c0:	2120139064	748167083	534882887	133295643
0x5555555706d0:	450466860	1208515213	1986798156	257735339
0x5555555706e0:	764182448	520191633	1789102318	700762892
0x5555555706f0:	1505905389	1379658845	1892820045	1471451024
0x555555570700:	387424369	1069821871	829041552	303277955
0x555555570710:	130523961	1948723172	586570642	1923051497
0x555555570720:	487983399	1840703091	439728687	411269877
0x555555570730:	1066648473	114678988	1600789114	929280967
0x555555570740:	680726022	676063462	1094592031	360947033
0x555555570750:	733657665	232366392	247351465	2035663600
0x555555570760:	1105117493	1627886077	1112088934	992443997
0x555555570770:	195120312	1932878615	256352021	562611602
0x555555570780:	741178760	356620789	208461027	1655652262
0x555555570790:	1380720017	1576225507	630863384	1082984895
0x5555555707a0:	564572352	899744252	839767171	497087470
0x5555555707b0:	1070759691	998884068	1827493993	624409383
0x5555555707c0:	926693554	334723553	1918640474	163021592
0x5555555707d0:	831757672	416024780	807793522	1137239530
0x5555555707e0:	1708747744	260394751	287785062	1745844154
0x5555555707f0:	2087323886	1569255160	1319403553	1002864066
0x555555570800:	671821650	349755557	1675895222	1426913505
0x555555570810:	145899699	1121919940	951048669	1306924863
0x555555570820:	2085330989	2005681380	1236485095	1353130664
0x555555570830:	1252648427	2038793210	1848880500	32227031
0x555555570840:	848122519	88848160	259716483	1907717694
0x555555570850:	1190437144	1218545307	820478385	1416339158
0x555555570860:	814441401	2061798549	2090746938	1446722944
0x555555570870:	739182384	629553157	115008516	328145247
0x555555570880:	55879521	117132486	1922135256	1356643156
0x555555570890:	1149948848	1019479506	1701767253	457294783
0x5555555708a0:	88490696	186033880	1406645782	1054992745
0x5555555708b0:	122520569	16222885	1405959004	119068989
0x5555555708c0:	910322118	343504684	589742674	419503073
0x5555555708d0:	1204074651	239965814	2006541152	1938039467
0x5555555708e0:	268652961	1638165044	1216968986	2038381567
0x5555555708f0:	1307069113	458246753	944022831	1465308025
0x555555570900:	212090415	759222425	1611738323	1178343849
0x555555570910:	1578316475	633020641	2136625938	2016436737
0x555555570920:	716314828	593938489	1093770766	1518984625
0x555555570930:	1367315874	937271656	1998688281	827101393
0x555555570940:	1137598702	1864539354	2136277105	210159659
0x555555570950:	2048979998	1802051554	854434021	1958677081
0x555555570960:	33202823	708351439	594015923	536909675
0x555555570970:	1331856452	821330560	1747510185	902527873
0x555555570980:	2063902069	553104141	1369718724	962575234
0x555555570990:	1507769006	1145498253	934572757	569925782
0x5555555709a0:	1618574262	442894378	751483902	1730835022
0x5555555709b0:	1282922883	981129598	1645854840	896247697
0x5555555709c0:	1710168777	133574583	1028539926	972712748
0x5555555709d0:	1228808235	153843075	156663866	1027258568
0x5555555709e0:	1396678968	983154549	606472121	513753354
0x5555555709f0:	241733893	1455488313	796775905	1881262829
0x555555570a00:	1939404993	1758869840	1637649050	2079178134
0x555555570a10:	1354202296	1441113374	542182336	294542620
0x555555570a20:	1521543197	318624337	32809342	1038700477
0x555555570a30:	1806639888	1145785635	1919232489	824434928
0x555555570a40:	1275037028	428738674	339123737	1715951947
0x555555570a50:	120340929	27974481	1731325419	1330384142
0x555555570a60:	619283762	470585601	1697122546	1741032757
0x555555570a70:	1763502930	1941933838	1421889369	292593162
0x555555570a80:	1909694999	1948654	1719025574	312176705
0x555555570a90:	183328471	1810108991	1101449079	643581252
0x555555570aa0:	807447282	1604626542	1484105160	1330446718
0x555555570ab0:	1491296023	545299222	429077356	1655594920
0x555555570ac0:	760682378	1221017241	2029045576	1621254769
0x555555570ad0:	984918623	2008515565	605848252	465047190
0x555555570ae0:	643015765	1429704688	1736701167	977111888
0x555555570af0:	980262265	581833502	888385048	129119435
0x555555570b00:	721152203	24356383	1028243990	1718619968
0x555555570b10:	61053222	749812359	500243424	938400634
0x555555570b20:	658741730	328550134	274468289	1028394906
0x555555570b30:	415241160	1635654089	271192547	1818553113
0x555555570b40:	683210863	359698103	576872118	1915586458
0x555555570b50:	917973202	303724024	186918742	1173284047
0x555555570b60:	2990312	459601887	1933041863	1696893290
0x555555570b70:	1409090083	934273059	1135782281	83523689
0x555555570b80:	941759111	1717697377	622419790	1526710197
0x555555570b90:	627550580	87019523	36505885	1236329499
0x555555570ba0:	285434616	2104050339	1518257966	652042309
0x555555570bb0:	1209092039	1913768247	1197698196	1679075869
0x555555570bc0:	340185062	1410025323	980928054	506479734
0x555555570bd0:	1325058156	1225444426	987065792	428390897
0x555555570be0:	732945706	225469773	199607279	1627510825
0x555555570bf0:	177541299	1632334355	1085393078	846484516
0x555555570c00:	478617454	708158633	2023964734	1177404215
0x555555570c10:	1320475891	1225891043	1071940489	16187840
0x555555570c20:	1863137096	1018281283	1846237578	1305385522
0x555555570c30:	794149015	1779418449	1400709291	111698474
0x555555570c40:	1608836743	702129997	925244646	1264245579
0x555555570c50:	1351830359	759562223	834354920	1234648612
0x555555570c60:	752151291	1732425239	735455655	1124085433
0x555555570c70:	254717730	1131466284	52284139	511878449
0x555555570c80:	2080570767	2005948555	1247229093	287594686
0x555555570c90:	1144980376	1704391239	418091299	1776484398
0x555555570ca0:	1506116106	816657167	1644856802	2111596592
0x555555570cb0:	709864946	638164900	1346662854	430603457
0x555555570cc0:	160667870	1031393620	1282346697	1086066694
0x555555570cd0:	1149237537	1042366006	505164698	123353681
0x555555570ce0:	1575025325	681543137	1462819615	350866835
0x555555570cf0:	1632607726	1396624054	483166862	1272823952
0x555555570d00:	975481098	1718982601	385117517	1386849449
0x555555570d10:	1099466498	1578502145	1003921401	168949364
0x555555570d20:	1355528695	1040651702	1505955105	1631678357
0x555555570d30:	1630858079	691179473	612850311	1306021929
0x555555570d40:	1449380230	159919576	1416798793	1524763462
0x555555570d50:	1145889315	484415102	1396254271	1960676292
0x555555570d60:	2047691763	1895023512	463817083	1391649379
0x555555570d70:	865902207	1485661442	1291131744	2091654326
0x555555570d80:	150961389	641573930	548336745	1022289894
0x555555570d90:	2071260695	1424027983	445062971	203055369
0x555555570da0:	566297408	418929027	1413518489	2095385090
0x555555570db0:	1998879351	1459775788	1598665366	1493925213
0x555555570dc0:	759711530	1602722494	1916083702	1299518036
0x555555570dd0:	1036194062	1076200390	1634101935	509335817
0x555555570de0:	1752183803	1016090517	1321553527	1704609510
0x555555570df0:	219825273	465915641	1760328275	1170901097
0x555555570e00:	941079388	1117208824	1175048459	1422894004
0x555555570e10:	1543847573	1083609686	661452912	202934810
0x555555570e20:	1187458857	1335395828	2017410523	477105501
0x555555570e30:	740808835	1829737509	1546070711	1022376943
0x555555570e40:	1979635525	254951849	1695254573	1763814641
0x555555570e50:	1954894950	2212133	1552711629	1610969790
0x555555570e60:	588143812	551936253	827048007	708328084
0x555555570e70:	1612923618	410936187	2139498594	1096942867
0x555555570e80:	20263208	1016633740	1774487786	1764036218
0x555555570e90:	1914861272	272982237	161608222	1324761640
0x555555570ea0:	1943354533	1282132586	1487119125	787601298
0x555555570eb0:	1394377617	1566058793	1647263572	178687070
0x555555570ec0:	1104209540	749470186	1160424773	2044342886
0x555555570ed0:	1304248325	1737018309	1253777462	703625461
0x555555570ee0:	100950020	315655196	590760204	145100794
0x555555570ef0:	1211234231	92578211	2072010428	1106829708
0x555555570f00:	526595478	1670590339	901984684	1614250284
0x555555570f10:	25969564	1590189165	360009418	574579569
0x555555570f20:	774536804	2119200577	543665911	1043692893
0x555555570f30:	130817649	1092613223	1477125505	1567604847
0x555555570f40:	1113894905	119516713	1045060736	1732009541
0x555555570f50:	2143506475	1286293698	484693662	1956949859
0x555555570f60:	411297337	244010646	1833952666	1007236471
0x555555570f70:	1279558358	1780659126	1160272818	1151436148
0x555555570f80:	1946267045	137982117	1183153316	1810905223
0x555555570f90:	880258403	839228596	267165219	689027996
0x555555570fa0:	1986133716	397144638	2127229466	1560413722
0x555555570fb0:	1884319672	1321542985	1196315946	1526162212
0x555555570fc0:	2091702501	328498764	2086713195	10580420
0x555555570fd0:	1771271194	1114215427	559772700	1144169485
0x555555570fe0:	1216722244	863434170	463468610	1752550574
0x555555570ff0:	1539803641	1301910898	573767405	224791301
0x555555571000:	1809209879	649169484	2123131255	1302717884
0x555555571010:	876268865	1530775228	1428732981	2075927992
0x555555571020:	1232324834	249875217	1453611260	383380977
0x555555571030:	1314141098	381631193	602276406	1994547828
0x555555571040:	678646246	1213672577	1829474819	1754139118
0x555555571050:	911289439	1939900102	2036583820	427079875
0x555555571060:	1874415474	2124565012	1791304752	1786018039
0x555555571070:	2141407484	897003056	1663915658	831729253
0x555555571080:	1190777686	479682223	567318836	331142473
0x555555571090:	852557730	1581147486	1998199985	879271404
0x5555555710a0:	440681443	1304163791	1948886496	2027353255
0x5555555710b0:	1535075388	695601213	1456049525	2118201999
0x5555555710c0:	1734155219	490685674	1286972207	1024602123
0x5555555710d0:	2014799956	1164685046	1534998900	1300347114
0x5555555710e0:	252015323	1680177012	1951244707	2042233690
0x5555555710f0:	420083362	1299896691	2132353012	1915152582
0x555555571100:	1449326101	1841736242	919367745	1045254299
0x555555571110:	337395106	2026467068	1705926166	1496301577
0x555555571120:	1652351876	981770332	363822586	2103515920
0x555555571130:	1491315237	1476012431	1525694030	967504889
0x555555571140:	1097908796	1551492809	758788764	8206315
0x555555571150:	984344448	62414413	2030871009	1690287735
0x555555571160:	381469129	1366854370	136055335	517787220
0x555555571170:	1688351269	1394151160	1371929820	319049363
0x555555571180:	1222996739	947380849	353947855	32765402
0x555555571190:	1067038949	1786131744	1187176129	573458449
0x5555555711a0:	344961589	49526263	528259958	411601751
0x5555555711b0:	2051884037	248900872	1667285218	274809731
0x5555555711c0:	330079470	1079609573	842919924	209392314
0x5555555711d0:	1515691456	1319537764	1037126299	980697213
0x5555555711e0:	101647828	1786469873	328166481	1081010755
0x5555555711f0:	1908396871	1761673447	1675955117	23041151
0x555555571200:	1967989265	717313147	1539927070	814846282
0x555555571210:	130055662	818202105	1056941857	1866309127
0x555555571220:	1663374928	502416976	633354403	1069616576
0x555555571230:	1654637498	1789315650	259548910	263376281
0x555555571240:	328925610	1217221994	1366718483	18767020
0x555555571250:	1807042131	1235345975	56511795	572714886
0x555555571260:	959316104	955314170	1050665680	1705901138
0x555555571270:	288126714	1057134619	435539657	66065589
0x555555571280:	34920946	2038281389	767550909	2058381783
0x555555571290:	369613152	296576775	926301968	759828601
0x5555555712a0:	809185331	1749355256	1919361931	627527316
0x5555555712b0:	1110609466	443425266	607740418	1605355130
0x5555555712c0:	144237496	343675851	260955228	1575662876
0x5555555712d0:	1389244919	767323252	1806375874	1287867584
0x5555555712e0:	1294127613	679448199	1268640288	888333567
0x5555555712f0:	1940254146	1945855441	1743075102	1565387177
0x555555571300:	1442452424	754907162	1617377820	672852621
0x555555571310:	724405133	279268762	822393373	1511093786
